2.6915018227305962 2.5000007066554715 4.0 
0.504120096593884 -0.18234526149227784 3.0 
0.19296086409639623 -3.885380029411408 5.0 
-0.2517790706751923 0.6584984601891896 7.0 
2.7038878766005046 2.3509231697105735 5.0 
-0.521419071322461 -0.22029691822914166 4.0 
0.411200327999353 -1.9483973969431951 9.0 
0.7662805582215827 -0.35729287737402604 6.0 
-1.3600239486158254 -0.1975149759116137 2.0 
-0.292659250078737 0.8411957145728095 8.0 
0.9139904598061382 0.10261203388229961 8.0 
-1.2477296492429746 -1.3402623568277776 5.0 
-2.88877880394978 -3.0197803373209573 7.0 
1.7110091939162422 1.4306499138727338 3.0 
0.7719906700375362 1.0200316939825147 9.0 
0.8561090434147838 0.23145322747957808 8.0 
-1.382416599911075 0.3784656346935542 2.0 
0.6954117594316913 1.5337090251357932 5.0 
-3.6786188006604736 -1.9002987271002665 1.0 
-0.05424731411055396 0.1914569763660709 6.0 
-1.9811730006266155 -1.99152465324341 1.0 
4.961660170497555 2.881885856781274 4.0 
0.5775700286712464 0.7300619790575967 4.0 
-1.921514851896146 -2.500032674739892 6.0 
0.5468242850970717 -0.28378104353520206 5.0 
0.7763621092914662 1.1243448318963238 2.0 
-1.1971952805100812 -0.5224495269311229 9.0 
1.0061003155059947 -0.26207358791587987 2.0 
1.6516651591785738 0.16348690395259846 2.0 
1.0692844500465684 -0.4625149659349007 2.0 
3.735775868632336 1.1859281153146681 9.0 
0.7148031611431527 1.1877442169402244 2.0 
-2.4096123462953263 -1.0891255851916835 0.0 
-0.08761737046630114 1.153419632287517 9.0 
-2.458971556887149 -1.271382313321252 3.0 
-0.9392172799550371 0.7926571902644556 3.0 
0.68913496456639 0.8906384816496259 1.0 
1.3952851302139648 -0.22103517212990875 3.0 
-0.8694050221557328 -1.1214351425644251 3.0 
0.6355007816276108 2.3805675143262093 8.0 
-0.43310362107428163 -0.7174373966027432 7.0 
0.7919283635254447 -2.1016840486014887 0.0 
2.2023077750667657 -0.5216855999203157 5.0 
-0.1954021752600802 -1.692834886435971 1.0 
0.5992940629791101 1.2352362260817844 6.0 
0.5305713984889315 1.6965117689563365 6.0 
0.48933203490369315 0.7656597599473265 9.0 
-0.5648926491125388 -2.7917958471231734 4.0 
-1.044141228131558 -0.38028758469556595 5.0 
-1.189720198855127 -0.9709999789161685 8.0 
0.4698061515081237 0.42665397999128435 8.0 
0.9530799961044016 1.6388485519202343 6.0 
-2.4201336071711856 -1.3770752663346855 8.0 
1.2380386859825643 1.4206817823174775 3.0 
4.547601682948788 2.668893098486275 3.0 
-0.8101190656642718 0.7217733765860505 7.0 
0.9107248738014122 -0.6635781177067271 3.0 
0.7634338736943334 -1.6400569660784545 4.0 
-0.48504566907655133 2.2347551391405074 4.0 
-2.551087318599883 -2.031835477164467 7.0 
1.8765694536822486 1.6598435155465925 4.0 
-1.1838396043881216 -2.244710833593568 9.0 
-2.9597330209435526 -3.5789605993827176 4.0 
-0.8217598868527933 -1.2363204670168808 1.0 
-1.4403041301054071 -0.9014476351163403 9.0 
2.7650058384270437 3.2813260071222783 6.0 
2.1206784986980365 2.7830526927703567 5.0 
-3.0085909954184125 -1.6376183374495599 0.0 
-0.765771034924782 -0.45883604771619857 3.0 
3.6609059733414173 1.0774261456356147 6.0 
0.6920954362373718 -1.016678321523282 8.0 
0.8747608268000996 0.7661656674518904 1.0 
-4.486011068344772 -3.238644084441417 1.0 
3.123392476056516 2.4440380679522433 7.0 
-2.535254913571523 -2.6748521670894694 5.0 
-0.4721877329573171 0.9650523293436413 6.0 
-1.1753432181049197 -0.17111276038756085 6.0 
-0.8081291384507272 -2.073119755137537 9.0 
0.6842574089155777 -1.3514354012950374 8.0 
-2.259513263680261 -1.8413304400963342 0.0 
0.597334230797005 0.23653176672458415 1.0 
-1.905317575605145 0.04409483331910047 2.0 
-0.8707769155311677 -1.0029140601961442 2.0 
1.812595996169057 0.29162267601850744 4.0 
1.5657452610184188 -0.39640252200403636 1.0 
0.6666268152127997 -1.1951866363175148 5.0 
-2.1397567500018124 -0.6362220031762957 8.0 
-1.3552779057619442 -1.0586888515304855 9.0 
1.6714959109095595 1.038078392091261 2.0 
1.2286222935710358 1.078865161275806 1.0 
2.0683606976310327 1.257892205978468 0.0 
-0.46704748031836907 -2.656794155539884 8.0 
1.6955418562287674 0.2364635202529335 5.0 
0.37373201504916576 0.7045855118547524 0.0 
0.386263688239066 -0.6679505537288256 4.0 
-1.544276075818396 -1.6979880274820782 0.0 
-0.8469026359484009 -2.1736813783748437 2.0 
-1.4063222936381856 -0.5472614399206872 3.0 
0.8958908885829683 -0.8411413367226951 0.0 
-0.3455749516379727 -0.9899644529509981 7.0 
0.10801400811261752 -1.2923105733363254 9.0 
1.1626683462511445 3.9234849564539154 0.0 
-1.9831781587512198 -0.5772289468273497 9.0 
0.9599232761025124 -0.7522068420379175 4.0 
3.167909236273177 1.4138585466220466 6.0 
-0.4311521196021436 0.017749204953120212 0.0 
2.179383233457732 1.2774796985783494 5.0 
-0.6442651271998517 -0.35643468841143977 6.0 
-0.996880357975327 -1.6813729925664924 5.0 
3.236160134343675 -2.6642857288974637 0.0 
-2.305631096391858 0.27341542069086144 6.0 
0.16344396436033837 -1.9201050810465266 1.0 
0.4741387874200631 2.184289205553114 3.0 
0.7915371653177958 -1.1508473445427236 5.0 
1.0737326546650752 -0.9027427746757143 4.0 
1.4210638040532846 0.6661633061857001 0.0 
0.7140738940086595 -1.0709718464619435 8.0 
-1.2057873605458913 -2.4075953687106177 2.0 
-0.4860938036410496 -0.4202658293182954 4.0 
1.2837860265522223 0.1448643921928675 2.0 
-0.7200814990009954 -2.3886573862347946 5.0 
-0.176045876584174 -0.060784919424898574 7.0 
-1.1665767127310378 -1.0236511810395441 8.0 
-1.4623505091511704 -0.626232780562523 1.0 
-0.4047204721071348 -0.576912293925565 6.0 
0.26314245599101027 -2.220609661681198 7.0 
1.9975981560755616 1.9649921069661767 2.0 
-0.8529395576751615 -1.728089654679672 3.0 
-0.23348444791034373 -0.5568014358528002 3.0 
-0.5364127809332169 1.1924871876878116 6.0 
-0.10389145135452993 -1.5041149236094538 4.0 
1.1796110171200436 2.440169233384294 8.0 
-1.1311701408024737 0.28351991963267065 6.0 
-2.506140702563063 -1.4952840005479344 6.0 
-4.439808351369404 -3.8817828647928074 5.0 
-0.12147419849512398 -0.7302003101224804 0.0 
0.11066154042689924 1.0802019952141777 7.0 
-1.4261561808234329 -2.1823721083664998 5.0 
-1.7753059174511132 -1.2336097799911634 2.0 
-2.2442058093359574 -3.102208240636911 6.0 
2.2987554515586064 0.5288766734001021 6.0 
-3.1015199419239865 -3.0382743595632973 6.0 
-2.036350062695834 -0.20023594515509235 7.0 
-0.6704713867849735 -2.37870547010356 5.0 
-1.8938095800536587 0.04422145237393715 3.0 
0.6022139720095044 -1.177280406484802 5.0 
-0.6009488358748275 0.48988702279100416 1.0 
-0.9317218551238033 -1.8260002056714706 6.0 
1.7362231255782583 1.3624267947443858 3.0 
-4.240757649354514 -2.3683085707885603 7.0 
1.49045438942669 1.520177116096098 1.0 
0.23084029383254878 -0.7665335740166854 2.0 
0.6677670416535011 -0.4854947342540602 5.0 
1.1958963042000594 1.037353323466832 6.0 
0.3243557106298296 0.356274358961889 5.0 
1.3211702394485463 2.297661526431103 8.0 
2.263527647242373 2.4130992909045164 9.0 
0.9548046820200454 2.2095634818862746 6.0 
0.12885354945178107 2.5420293081707435 9.0 
-1.8933384397608148 -1.2257559303995005 1.0 
3.3062858977797314 4.35443749498165 7.0 
2.265682324634679 1.292294560610619 1.0 
-2.166808722889345 -0.7555855307202112 3.0 
-1.4232602948357784 0.4276952340778914 9.0 
0.24081724945204752 1.5763212018547563 1.0 
-0.6332120139041848 -0.9962315750900204 1.0 
0.07445466815892118 -0.10561444931649266 7.0 
1.3382741684323485 0.06984906890921638 6.0 
-0.7241330469834717 0.07577161468800209 6.0 
-1.821549187509735 1.4089005720377892 4.0 
1.7949454769588027 2.349432842518781 6.0 
1.6968029076898503 -0.051091468577745824 2.0 
-2.520295080641188 -3.98070809887448 9.0 
0.34656651165520747 0.6177276817503523 5.0 
-3.759790029761717 -2.7126365686778318 1.0 
1.9887289080117152 0.11857475070765944 8.0 
0.1820315455383789 0.1420887296078082 9.0 
-0.9099758239789337 -0.9716520165707928 3.0 
3.520546499979212 2.2972440764183095 8.0 
-0.36778564779473916 -0.7045875565887127 6.0 
3.92067307659471 3.8122984234615376 6.0 
-3.106871289668718 -2.215238903420195 9.0 
0.439078582730392 -1.5766365827364743 1.0 
-0.47768560729615306 -0.5378030187503641 7.0 
1.357422933388019 -0.2849123177992635 6.0 
-1.182510100873033 -2.1366730339834143 5.0 
-3.121702774635782 -4.565726838961871 2.0 
-1.8660432141905043 -0.5463163022918371 8.0 
-1.4815111459617376 -2.188629048902736 9.0 
-0.7587267445308199 -0.6558718958936328 4.0 
-0.5311424351786036 1.1540688533463828 5.0 
-3.2926614433659918 -2.1294858198976048 9.0 
-8.692051562850765e-05 0.023183619799290518 2.0 
2.1183242249755407 1.0646037787375198 0.0 
0.10635526092273079 -1.050773585787762 7.0 
1.1792620320526794 -1.229966480003277 7.0 
-0.9261652070058022 0.2811336441611816 0.0 
-0.6767345894477768 -1.8527210817384008 5.0 
-2.014975604711416 -0.6199829525245132 2.0 
-2.6049951978704824 -2.4356902254320736 6.0 
